-256398.82487565133
-256397.2831575909
-256394.93660549299
-256392.03418171773
-256389.9950608294
-256387.95596811702
-256385.39363014026
-256380.55277526035
-256379.01480740702
-256373.2997164469
-256370.89408151433
-256366.71756400485
-256363.97114948818
-256360.4448772954
-256357.7902196087
-256354.4947967319
-256351.7912576925
-256350.15474468682
-256346.15491018313
-256342.94222889183
-256340.2692532729
-256337.39793607572
-256335.48844597742
-256334.8356088469
-256334.33842019667
-256333.8809652794
-256333.7838984935
-256333.27158030862
-256332.81741370977
